-0.7139217257499695 -0.2669537365436554
0.779105544090271 0.6284178495407104
1.03533935546875 0.15322162210941315
0.19113388657569885 3.385287284851074
-0.8952100276947021 -0.8913129568099976
-0.5631617307662964 1.1622477769851685
0.12302472442388535 -1.3101105690002441
-0.4038945436477661 0.23956605792045593
1.0790332555770874 -0.09989598393440247
-0.39052635431289673 0.08595024794340134
-0.8452416658401489 0.6507077217102051
1.0576269626617432 0.6974311470985413
0.7670206427574158 1.8171982765197754
1.1732330322265625 2.5553791522979736
0.2067546248435974 2.0395560264587402
0.5163469910621643 0.9396897554397583
-0.37744832038879395 1.359078288078308
-1.1916933059692383 -2.1641597747802734
-0.10566246509552002 0.46566200256347656
1.1311050653457642 1.4603056907653809
0.3539687991142273 1.4958117008209229
-0.04446204751729965 -1.3511852025985718
0.3907996714115143 0.9363498687744141
-0.6490335464477539 1.2203158140182495
-0.5599715709686279 -0.7891054749488831
-0.2612435519695282 -1.2380822896957397
-1.9377541542053223 -0.961654543876648
0.011267831549048424 -0.9877721667289734
0.4115447998046875 -0.2095857560634613
0.2407277226448059 0.49677973985671997
1.63446843624115 0.6621701717376709
1.0264508724212646 -0.16647115349769592
1.0686869621276855 0.7873673439025879
0.4350345730781555 -0.2825338840484619
1.1628575325012207 1.2179280519485474
-2.2198731899261475 0.6472935080528259
0.023936569690704346 -0.3485824167728424
-0.9671810865402222 -1.7306089401245117
-0.776322603225708 0.03221255540847778
-0.2108483910560608 0.5856603980064392
-0.7473869323730469 -1.2390449047088623
-0.7857978343963623 -1.4299955368041992
0.9489213228225708 -0.5266529321670532
0.6946954727172852 -0.8828799724578857
0.6303039789199829 -0.4218916594982147
0.2564682364463806 -1.5213698148727417
0.9804896116256714 0.8087632060050964
-0.5837778449058533 -1.3383797407150269
0.9779276847839355 0.3999564051628113
-0.5229518413543701 1.2641953229904175
-0.42070192098617554 -1.6707204580307007
0.11629107594490051 0.7092372179031372
-0.1946457177400589 -0.9246513843536377
-0.6514270901679993 0.9387121796607971
-1.0945168733596802 -0.3805389404296875
0.12886586785316467 0.9970550537109375
-0.3724145293235779 -1.16483473777771
0.4713052213191986 0.6123709678649902
0.5164777040481567 -0.3597378134727478
-1.6852772235870361 -0.959926426410675
-0.7984651327133179 -0.18019098043441772
0.7699068188667297 1.521348476409912
-0.3623180687427521 -1.6174430847167969
0.6481657028198242 1.3873895406723022
0.9130766987800598 1.0122863054275513
-0.2871786952018738 0.22457057237625122
-0.6433311104774475 -2.1137020587921143
-0.7074404954910278 -0.28370311856269836
0.24564208090305328 -0.05438928306102753
-0.336145281791687 0.27258217334747314
1.3128688335418701 0.886117160320282
1.3216640949249268 0.8216903209686279
0.26922744512557983 -0.33665066957473755
0.6511465907096863 -0.1711321473121643
0.1672307699918747 -0.3783551752567291
1.5610928535461426 0.37482255697250366
-1.9497450590133667 -2.5529441833496094
0.08045151829719543 0.19435928761959076
-0.2961958050727844 -0.08208899199962616
-0.03209330886602402 0.17379605770111084
-0.01657203957438469 0.7564132809638977
0.11477973312139511 1.183481216430664
-0.19689878821372986 1.2145601511001587
1.3522948026657104 0.08859732747077942
-0.7230944633483887 -0.26574984192848206
0.5718117356300354 1.609129786491394
1.2671376466751099 -0.40914565324783325
-1.8062065839767456 -1.6024869680404663
-1.6252652406692505 -1.891158938407898
-1.5481833219528198 -0.3034048080444336
-0.49607226252555847 -0.15902414917945862
0.6559416055679321 0.8432437777519226
0.19399486482143402 -0.5248093605041504
-0.10946081578731537 -0.5706746578216553
0.9284181594848633 -0.7086155414581299
0.30447253584861755 0.9934972524642944
0.1909874826669693 0.16499952971935272
1.1636898517608643 0.7436102628707886
-1.656119704246521 -1.649275779724121
0.74617600440979 0.8742146492004395
0.03511644899845123 -1.327034592628479
0.8254475593566895 -1.8740352392196655
2.132702350616455 0.3169921636581421
-0.7526997327804565 -1.128474235534668
-0.2070029079914093 -0.7107204794883728
-1.307081699371338 0.27445244789123535
-0.2387426495552063 0.15215492248535156
-0.7231435179710388 -0.3267475962638855
0.18293185532093048 0.44381871819496155
-0.21718524396419525 -1.9094854593276978
1.2594213485717773 2.14876651763916
0.13336968421936035 0.5151187181472778
-0.1627960503101349 -0.3889283239841461
1.397972583770752 1.392277717590332
-0.5820574760437012 -0.04372502863407135
1.2329318523406982 3.005310297012329
0.0182635560631752 0.5809190273284912
0.32219475507736206 -1.4070483446121216
-1.1142810583114624 0.7667227387428284
1.0486818552017212 -0.5219079256057739
1.1416651010513306 0.1343550831079483
0.7766472697257996 0.6196316480636597
-0.4313766360282898 0.6263742446899414
1.3483251333236694 -0.5325893759727478
-0.992262601852417 0.4179970622062683
0.4936714172363281 -0.4176422655582428
0.18162153661251068 -1.0421963930130005
0.019330209121108055 0.028064822778105736
